0 0.2573697865009308 116.00754618644714 40.05081720984487 0.20972706377506256 116.00808799266815 40.05067771964678 0.21691416203975677 115.94581246376038 40.04694840817424 
1 
2 
3 
4 
5 
6 0.2119118869304657 116.00805044174194 40.050222325176534 
7 
8 0.23457415401935577 116.00608170032501 40.0506982329112 0.22996047139167786 116.00836157798767 40.05036591802751 0.20429636538028717 115.94442844390869 40.046833533893455 
9 
10 0.20781517028808594 116.00672006607056 40.050661309035235 
11 0.20888900756835938 116.00748717784882 40.04901614522832 
