0 0.47794294357299805 115.94472885131836 40.307955919303396 
1 0.32363995909690857 115.94572126865387 40.307681041560095 
2 0.3058539927005768 115.94397783279419 40.30802976705533 
3 0.33884766697883606 115.94448745250702 40.306528196099386 0.20950570702552795 115.9430980682373 40.307676938907214 
4 0.27262306213378906 115.94475567340851 40.30731180280044 0.32048001885414124 115.94337701797485 40.30653229875227 
5 0.20324444770812988 115.94301223754883 40.30862054907078 0.24624904990196228 115.94333410263062 40.30791079012166 0.2265971601009369 115.94431579113007 40.307553859320656 0.24785475432872772 115.9456193447113 40.30740206116391 0.20485007762908936 115.94446063041687 40.30692615342924 0.2108146846294403 115.9458178281784 40.30685640833019 0.21184968948364258 115.94535648822784 40.30661845446286 
6 0.34837818145751953 115.94522774219513 40.30744719034565 0.2459196001291275 115.94553351402283 40.3078451476755 
7 0.3251933455467224 115.94533503055573 40.30789437951012 0.2173822522163391 115.9438008069992 40.307955919303396 0.22865860164165497 115.94391882419586 40.30761950176682 
8 0.2701451778411865 115.94287812709808 40.30865747294675 0.24631859362125397 115.94241142272949 40.308456442955375 0.33613139390945435 115.94318926334381 40.3078451476755 0.22813059389591217 115.94531893730164 40.307709760130294 0.2479078322649002 115.94544231891632 40.30746770361007 
9 0.3518487513065338 115.94460546970367 40.30822669439381 
10 0.2397444248199463 115.94328045845032 40.30869439682271 0.21954624354839325 115.94522774219513 40.30857131723616 0.22441744804382324 115.9453135728836 40.30849746948423 0.33654412627220154 115.94436943531036 40.307681041560095 0.2247590571641922 115.94643473625183 40.30742257442834 
11 0.39414089918136597 115.94486832618713 40.30665948099171 0.29581478238105774 115.94527065753937 40.30593331143105 
