0 0.2752445638179779 116.36916160583496 39.47810373404466 0.30665114521980286 116.36916160583496 39.47713140531089 0.35929712653160095 116.36916160583496 39.47493648601738 0.24574241042137146 116.37031495571136 39.471744622072784 
1 0.25789740681648254 116.36916160583496 39.480971488411335 0.29315510392189026 116.36931717395782 39.47918273175343 0.20095190405845642 116.36916160583496 39.4784770754572 0.20151105523109436 116.36916160583496 39.47834168791199 0.2658238410949707 116.36916160583496 39.474505707464445 
2 
3 
4 0.22018422186374664 116.37096405029297 39.474169289927865 0.20251914858818054 116.36916160583496 39.474193905845176 
5 0.22417357563972473 116.36916160583496 39.48115610779116 0.21319282054901123 116.36916160583496 39.48059404434591 0.2864746153354645 116.36916160583496 39.47995813314872 0.3075494170188904 116.3692581653595 39.478858622175515 0.29156675934791565 116.36941909790039 39.47779603507828 0.30625560879707336 116.36959075927734 39.476749858592584 0.2871249318122864 116.3697624206543 39.47565855292515 0.2340463250875473 116.36916160583496 39.47620830841175 0.31837552785873413 116.36916160583496 39.47418980319229 
6 0.3568403124809265 116.36916160583496 39.47757859447537 0.44319626688957214 116.36916160583496 39.47543290701647 
7 0.25000816583633423 116.36916160583496 39.48015095783432 0.30589815974235535 116.36916160583496 39.47946581480251 0.3637201488018036 116.36923134326935 39.477299614079186 0.26466500759124756 116.36968195438385 39.474669813579844 0.2734517455101013 116.36958003044128 39.47287285161618 
8 0.2389664649963379 116.36916160583496 39.48111097860942 0.23287992179393768 116.36916160583496 39.48046275945358 0.3031921982765198 116.36916160583496 39.4798801827439 0.292429655790329 116.36978924274445 39.47562573170207 0.27920541167259216 116.36997163295746 39.47451391277021 0.22397661209106445 116.37077629566193 39.47107588965251 0.21298621594905853 116.37111961841583 39.47098563128904 
9 0.3529457449913025 116.36916160583496 39.47763603161576 0.46218058466911316 116.36918306350708 39.47560932109053 
10 0.2600741386413574 116.36916160583496 39.48236639039226 0.3047265112400055 116.36916160583496 39.48173458184796 0.30844584107398987 116.36935472488403 39.48003198090065 0.3474593162536621 116.3695102930069 39.479055549514 0.34821346402168274 116.36983752250671 39.47691806736087 0.34146127104759216 116.36999845504761 39.47584317230498 0.3237244188785553 116.37018620967865 39.47471494276158 0.28960585594177246 116.36916160583496 39.47446057828271 0.25094252824783325 116.37071192264557 39.473201063846986 0.22640712559223175 116.36924743652344 39.47309849752486 
11 0.36227425932884216 116.36937081813812 39.473640047705686 
